
# 国家宏观指数综合评分分析报告

## 1. 数据概述
- 分析国家：20个主要经济体（除中国外）
- 分析年度：2021-2023年
- 分析指标：GDP、PPI、CPI、M2、汇率

## 2. 数据清洗结果
- 缺失值：无
- 异常值：3个（使用Z-score方法检测）
- 重复值：无

## 3. 相关性分析
### 2021年相关性矩阵
                    GDP       PPI       CPI        M2  Exchange_Rate
GDP            1.000000  0.322982  0.245638  0.988073      -0.508134
PPI            0.322982  1.000000  0.157948  0.350897      -0.032669
CPI            0.245638  0.157948  1.000000  0.226601       0.007533
M2             0.988073  0.350897  0.226601  1.000000      -0.484168
Exchange_Rate -0.508134 -0.032669  0.007533 -0.484168       1.000000

### 2022年相关性矩阵
                    GDP       PPI       CPI        M2  Exchange_Rate
GDP            1.000000 -0.272022 -0.258292  0.996347      -0.340779
PPI           -0.272022  1.000000  0.320583 -0.245746       0.352072
CPI           -0.258292  0.320583  1.000000 -0.263668      -0.195449
M2             0.996347 -0.245746 -0.263668  1.000000      -0.312984
Exchange_Rate -0.340779  0.352072 -0.195449 -0.312984       1.000000

### 2023年相关性矩阵
                    GDP       PPI       CPI        M2  Exchange_Rate
GDP            1.000000  0.122689 -0.400124  0.990109      -0.427933
PPI            0.122689  1.000000  0.207039  0.172913      -0.256125
CPI           -0.400124  0.207039  1.000000 -0.359008      -0.098987
M2             0.990109  0.172913 -0.359008  1.000000      -0.455845
Exchange_Rate -0.427933 -0.256125 -0.098987 -0.455845       1.000000

## 4. 权重分析
### 2021年指标权重
 Year     Indicator  Weight
 2021           GDP  0.2958
 2021           PPI  0.1944
 2021           CPI  0.0937
 2021            M2  0.3217
 2021 Exchange_Rate  0.0945

### 2022年指标权重
 Year     Indicator  Weight
 2022           GDP  0.2783
 2022           PPI  0.1813
 2022           CPI  0.0982
 2022            M2  0.3258
 2022 Exchange_Rate  0.1163

### 2023年指标权重
 Year     Indicator  Weight
 2023           GDP  0.2756
 2023           PPI  0.1888
 2023           CPI  0.0742
 2023            M2  0.3753
 2023 Exchange_Rate  0.0862

## 5. 综合评分结果
### 2021年Top 5国家
       Country  Year  Score
 United States  2021 0.8835
   South Korea  2021 0.3662
         Italy  2021 0.3596
        Canada  2021 0.3255
United Kingdom  2021 0.3203

### 2022年Top 5国家
       Country  Year  Score
 United States  2022 0.6357
       Germany  2022 0.4062
         Spain  2022 0.3440
        Mexico  2022 0.3144
United Kingdom  2022 0.3043

### 2023年Top 5国家
       Country  Year  Score
 United States  2023 0.7892
     Australia  2023 0.3211
United Kingdom  2023 0.3196
  South Africa  2023 0.2867
       Germany  2023 0.2684
